All_time: 51.70664048194885
PSNR:36.19477462768555
PSNR1:29.927860260009766
PSNR3:30.417694091796875
All_time: 51.74073553085327
PSNR:36.19477462768555
PSNR1:29.927860260009766
PSNR3:30.417694091796875
